   2.4397317e-03   1.5512718e-03   6.6000000e+01   7.0000000e+00   1.0000000e+00   1.0000000e+00
   3.1909187e-03   2.5293758e-03   6.6000000e+01   7.0000000e+00   1.0000000e+00   2.0000000e+00
   1.7318434e-03   1.1705969e-03   8.1000000e+01   7.0000000e+00   2.0000000e+00   1.0000000e+00
   5.5181552e-04   5.5613323e-04   8.1000000e+01   7.0000000e+00   2.0000000e+00   2.0000000e+00
   1.0103633e-03   7.0958604e-04   8.0000000e+01   7.0000000e+00   3.0000000e+00   1.0000000e+00
   1.0413373e-03   8.6680789e-04   8.0000000e+01   7.0000000e+00   3.0000000e+00   2.0000000e+00
   1.1519117e-03   6.4496163e-04   7.7000000e+01   7.0000000e+00   4.0000000e+00   1.0000000e+00
   1.1665217e-03   8.8141254e-04   7.7000000e+01   7.0000000e+00   4.0000000e+00   2.0000000e+00
   2.4845237e-03   1.4943973e-03   8.2000000e+01   7.0000000e+00   5.0000000e+00   1.0000000e+00
   7.3073905e-04   4.8792605e-04   8.2000000e+01   7.0000000e+00   5.0000000e+00   2.0000000e+00
   1.6656482e-03   1.5861463e-03   7.8000000e+01   7.0000000e+00   7.0000000e+00   1.0000000e+00
   6.2215239e-03   3.3732804e-03   7.8000000e+01   7.0000000e+00   7.0000000e+00   2.0000000e+00
   8.4702657e-04   7.3908571e-04   8.8000000e+01   7.0000000e+00   8.0000000e+00   1.0000000e+00
   7.1659853e-04   5.3640852e-04   8.8000000e+01   7.0000000e+00   8.0000000e+00   2.0000000e+00
   2.1267450e-03   1.4961587e-03   5.7000000e+01   7.0000000e+00   9.0000000e+00   1.0000000e+00
   2.0839147e-03   1.0574833e-03   5.7000000e+01   7.0000000e+00   9.0000000e+00   2.0000000e+00
   1.1833735e-03   8.3994161e-04   9.0000000e+01   7.0000000e+00   1.0000000e+01   1.0000000e+00
   1.2347220e-03   1.0470256e-03   9.0000000e+01   7.0000000e+00   1.0000000e+01   2.0000000e+00
   3.3992851e-03   1.9497569e-03   3.8000000e+01   7.0000000e+00   1.1000000e+01   1.0000000e+00
   2.6212929e-03   2.4850659e-03   3.8000000e+01   7.0000000e+00   1.1000000e+01   2.0000000e+00
   3.9693648e-03   3.0328704e-03   3.9000000e+01   7.0000000e+00   1.2000000e+01   1.0000000e+00
   3.9271763e-03   2.4387011e-03   3.9000000e+01   7.0000000e+00   1.2000000e+01   2.0000000e+00
   3.3702983e-03   2.0989734e-03   3.4000000e+01   7.0000000e+00   1.3000000e+01   1.0000000e+00
   2.5909754e-03   1.6283597e-03   2.9000000e+01   7.0000000e+00   1.4000000e+01   2.0000000e+00
   1.9401406e-03   9.9593806e-04   3.7000000e+01   7.0000000e+00   1.7000000e+01   1.0000000e+00
   2.2369360e-03   1.6351938e-03   3.7000000e+01   7.0000000e+00   1.7000000e+01   2.0000000e+00
   2.9354547e-03   1.7564521e-03   3.3000000e+01   7.0000000e+00   1.8000000e+01   1.0000000e+00
   2.2468797e-03   1.5459499e-03   3.3000000e+01   7.0000000e+00   1.8000000e+01   2.0000000e+00
   1.9930218e-03   8.6559389e-04   3.4000000e+01   7.0000000e+00   1.9000000e+01   1.0000000e+00
   3.8555553e-03   3.1421257e-03   3.4000000e+01   7.0000000e+00   1.9000000e+01   2.0000000e+00
   5.6136003e-03   2.7496707e-03   2.0000000e+01   7.0000000e+00   2.0000000e+01   1.0000000e+00
   1.6102301e-03   1.0847260e-03   3.6000000e+01   7.0000000e+00   2.1000000e+01   1.0000000e+00
   2.1062155e-03   1.3921134e-03   3.6000000e+01   7.0000000e+00   2.1000000e+01   2.0000000e+00
   6.2717685e-03   3.6752282e-03   4.9000000e+01   7.0000000e+00   2.2000000e+01   2.0000000e+00
   4.4774314e-03   3.0154499e-03   6.6000000e+01   1.0000000e+01   1.0000000e+00   1.0000000e+00
   6.3019375e-03   4.7894989e-03   6.6000000e+01   1.0000000e+01   1.0000000e+00   2.0000000e+00
   3.3256240e-03   2.3248310e-03   8.1000000e+01   1.0000000e+01   2.0000000e+00   1.0000000e+00
   1.3018324e-03   1.3524148e-03   8.1000000e+01   1.0000000e+01   2.0000000e+00   2.0000000e+00
   2.2172618e-03   1.6732053e-03   8.0000000e+01   1.0000000e+01   3.0000000e+00   1.0000000e+00
   2.1275988e-03   1.8840828e-03   8.0000000e+01   1.0000000e+01   3.0000000e+00   2.0000000e+00
   2.1628961e-03   1.2425600e-03   7.7000000e+01   1.0000000e+01   4.0000000e+00   1.0000000e+00
   2.5948791e-03   1.9866732e-03   7.7000000e+01   1.0000000e+01   4.0000000e+00   2.0000000e+00
   4.6313387e-03   3.0893384e-03   8.2000000e+01   1.0000000e+01   5.0000000e+00   1.0000000e+00
   1.6715962e-03   1.1314170e-03   8.2000000e+01   1.0000000e+01   5.0000000e+00   2.0000000e+00
   2.8503609e-03   2.9005595e-03   7.8000000e+01   1.0000000e+01   7.0000000e+00   1.0000000e+00
   9.8206854e-03   5.4652156e-03   7.8000000e+01   1.0000000e+01   7.0000000e+00   2.0000000e+00
   2.0481977e-03   1.7657716e-03   8.8000000e+01   1.0000000e+01   8.0000000e+00   1.0000000e+00
   1.4689946e-03   1.0953538e-03   8.8000000e+01   1.0000000e+01   8.0000000e+00   2.0000000e+00
   4.1668617e-03   2.7211820e-03   5.7000000e+01   1.0000000e+01   9.0000000e+00   1.0000000e+00
   3.6648758e-03   1.9642645e-03   5.7000000e+01   1.0000000e+01   9.0000000e+00   2.0000000e+00
   2.3060470e-03   1.6928761e-03   9.0000000e+01   1.0000000e+01   1.0000000e+01   1.0000000e+00
   2.7834523e-03   2.3410485e-03   9.0000000e+01   1.0000000e+01   1.0000000e+01   2.0000000e+00
   4.8471656e-03   3.2409347e-03   3.8000000e+01   1.0000000e+01   1.1000000e+01   1.0000000e+00
   4.7682547e-03   4.2092441e-03   3.8000000e+01   1.0000000e+01   1.1000000e+01   2.0000000e+00
   7.5428358e-03   5.4734866e-03   3.9000000e+01   1.0000000e+01   1.2000000e+01   1.0000000e+00
   6.6603738e-03   4.5629751e-03   3.9000000e+01   1.0000000e+01   1.2000000e+01   2.0000000e+00
   6.1328868e-03   4.1929572e-03   3.4000000e+01   1.0000000e+01   1.3000000e+01   1.0000000e+00
   4.3790663e-03   2.7973333e-03   2.9000000e+01   1.0000000e+01   1.4000000e+01   2.0000000e+00
   2.8759046e-03   1.9704756e-03   3.7000000e+01   1.0000000e+01   1.7000000e+01   1.0000000e+00
   4.3531362e-03   3.3560803e-03   3.7000000e+01   1.0000000e+01   1.7000000e+01   2.0000000e+00
   5.7547964e-03   3.8173598e-03   3.3000000e+01   1.0000000e+01   1.8000000e+01   1.0000000e+00
   4.3798201e-03   3.0648736e-03   3.3000000e+01   1.0000000e+01   1.8000000e+01   2.0000000e+00
   4.9579418e-03   1.7924203e-03   3.4000000e+01   1.0000000e+01   1.9000000e+01   1.0000000e+00
   6.1065342e-03   5.1059890e-03   3.4000000e+01   1.0000000e+01   1.9000000e+01   2.0000000e+00
   8.5709665e-03   4.4638741e-03   2.0000000e+01   1.0000000e+01   2.0000000e+01   1.0000000e+00
   3.1277714e-03   2.1068120e-03   3.6000000e+01   1.0000000e+01   2.1000000e+01   1.0000000e+00
   4.0190930e-03   2.9748393e-03   3.6000000e+01   1.0000000e+01   2.1000000e+01   2.0000000e+00
   1.0432636e-02   4.9537315e-03   4.9000000e+01   1.0000000e+01   2.2000000e+01   2.0000000e+00
   6.6858687e-03   4.5218595e-03   6.6000000e+01   1.5000000e+01   1.0000000e+00   1.0000000e+00
   9.7062603e-03   7.0917029e-03   6.6000000e+01   1.5000000e+01   1.0000000e+00   2.0000000e+00
   5.4751959e-03   3.7414873e-03   8.1000000e+01   1.5000000e+01   2.0000000e+00   1.0000000e+00
   2.3163243e-03   2.4296736e-03   8.1000000e+01   1.5000000e+01   2.0000000e+00   2.0000000e+00
   4.0408474e-03   2.9805772e-03   8.0000000e+01   1.5000000e+01   3.0000000e+00   1.0000000e+00
   3.8124332e-03   3.5244133e-03   8.0000000e+01   1.5000000e+01   3.0000000e+00   2.0000000e+00
   3.6787209e-03   2.2547296e-03   7.7000000e+01   1.5000000e+01   4.0000000e+00   1.0000000e+00
   4.6821561e-03   3.5540224e-03   7.7000000e+01   1.5000000e+01   4.0000000e+00   2.0000000e+00
   7.2987824e-03   5.1211964e-03   8.2000000e+01   1.5000000e+01   5.0000000e+00   1.0000000e+00
   3.0904655e-03   2.1550525e-03   8.2000000e+01   1.5000000e+01   5.0000000e+00   2.0000000e+00
   4.4749516e-03   4.7280495e-03   7.8000000e+01   1.5000000e+01   7.0000000e+00   1.0000000e+00
   1.3285710e-02   7.5060300e-03   7.8000000e+01   1.5000000e+01   7.0000000e+00   2.0000000e+00
   3.7712886e-03   3.2085925e-03   8.8000000e+01   1.5000000e+01   8.0000000e+00   1.0000000e+00
   2.6931407e-03   1.9689589e-03   8.8000000e+01   1.5000000e+01   8.0000000e+00   2.0000000e+00
   6.4108761e-03   4.2163657e-03   5.7000000e+01   1.5000000e+01   9.0000000e+00   1.0000000e+00
   5.3454300e-03   2.9202454e-03   5.7000000e+01   1.5000000e+01   9.0000000e+00   2.0000000e+00
   3.8252512e-03   2.9701677e-03   9.0000000e+01   1.5000000e+01   1.0000000e+01   1.0000000e+00
   5.1869341e-03   4.2624540e-03   9.0000000e+01   1.5000000e+01   1.0000000e+01   2.0000000e+00
   9.7374543e-03   5.6939134e-03   3.8000000e+01   1.5000000e+01   1.1000000e+01   1.0000000e+00
   7.6681832e-03   6.3748899e-03   3.8000000e+01   1.5000000e+01   1.1000000e+01   2.0000000e+00
   1.0885778e-02   7.6687758e-03   3.9000000e+01   1.5000000e+01   1.2000000e+01   1.0000000e+00
   1.0346958e-02   6.9065944e-03   3.9000000e+01   1.5000000e+01   1.2000000e+01   2.0000000e+00
   9.0744450e-03   6.5950553e-03   3.4000000e+01   1.5000000e+01   1.3000000e+01   1.0000000e+00
   6.1030263e-03   3.9568001e-03   2.9000000e+01   1.5000000e+01   1.4000000e+01   2.0000000e+00
   4.8353502e-03   2.9445595e-03   3.7000000e+01   1.5000000e+01   1.7000000e+01   1.0000000e+00
   6.5310644e-03   5.1641582e-03   3.7000000e+01   1.5000000e+01   1.7000000e+01   2.0000000e+00
   9.0822247e-03   6.1240467e-03   3.3000000e+01   1.5000000e+01   1.8000000e+01   1.0000000e+00
   7.0232241e-03   4.8605216e-03   3.3000000e+01   1.5000000e+01   1.8000000e+01   2.0000000e+00
   7.3719094e-03   2.8516376e-03   3.4000000e+01   1.5000000e+01   1.9000000e+01   1.0000000e+00
   8.6903868e-03   7.0452223e-03   3.4000000e+01   1.5000000e+01   1.9000000e+01   2.0000000e+00
   1.0801031e-02   5.8958317e-03   2.0000000e+01   1.5000000e+01   2.0000000e+01   1.0000000e+00
   4.9686574e-03   3.3246828e-03   3.6000000e+01   1.5000000e+01   2.1000000e+01   1.0000000e+00
   6.5475489e-03   4.4506956e-03   3.6000000e+01   1.5000000e+01   2.1000000e+01   2.0000000e+00
   1.5176303e-02   6.4342519e-03   4.9000000e+01   1.5000000e+01   2.2000000e+01   2.0000000e+00
   8.0282584e-03   5.4303582e-03   6.6000000e+01   2.0000000e+01   1.0000000e+00   1.0000000e+00
   1.2036556e-02   8.6678653e-03   6.6000000e+01   2.0000000e+01   1.0000000e+00   2.0000000e+00
   6.8468649e-03   4.6911550e-03   8.1000000e+01   2.0000000e+01   2.0000000e+00   1.0000000e+00
   3.3341458e-03   3.3993697e-03   8.1000000e+01   2.0000000e+01   2.0000000e+00   2.0000000e+00
   5.3578359e-03   4.0527909e-03   8.0000000e+01   2.0000000e+01   3.0000000e+00   1.0000000e+00
   5.3759057e-03   5.0037280e-03   8.0000000e+01   2.0000000e+01   3.0000000e+00   2.0000000e+00
   5.0694449e-03   2.9929898e-03   7.7000000e+01   2.0000000e+01   4.0000000e+00   1.0000000e+00
   6.3096555e-03   4.8593178e-03   7.7000000e+01   2.0000000e+01   4.0000000e+00   2.0000000e+00
   9.2344860e-03   6.6500307e-03   8.2000000e+01   2.0000000e+01   5.0000000e+00   1.0000000e+00
   4.4423853e-03   3.2624029e-03   8.2000000e+01   2.0000000e+01   5.0000000e+00   2.0000000e+00
   5.5984263e-03   5.9509392e-03   7.8000000e+01   2.0000000e+01   7.0000000e+00   1.0000000e+00
   1.5395614e-02   9.1373767e-03   7.8000000e+01   2.0000000e+01   7.0000000e+00   2.0000000e+00
   5.3628158e-03   4.5649567e-03   8.8000000e+01   2.0000000e+01   8.0000000e+00   1.0000000e+00
   3.8976124e-03   2.8504441e-03   8.8000000e+01   2.0000000e+01   8.0000000e+00   2.0000000e+00
   7.8947444e-03   5.1511019e-03   5.7000000e+01   2.0000000e+01   9.0000000e+00   1.0000000e+00
   6.4572161e-03   3.5972706e-03   5.7000000e+01   2.0000000e+01   9.0000000e+00   2.0000000e+00
   5.0482626e-03   4.0514290e-03   9.0000000e+01   2.0000000e+01   1.0000000e+01   1.0000000e+00
   7.0384715e-03   5.7544830e-03   9.0000000e+01   2.0000000e+01   1.0000000e+01   2.0000000e+00
   1.1500647e-02   6.9122135e-03   3.8000000e+01   2.0000000e+01   1.1000000e+01   1.0000000e+00
   1.0085580e-02   8.1634055e-03   3.8000000e+01   2.0000000e+01   1.1000000e+01   2.0000000e+00
   1.3422595e-02   9.1717569e-03   3.9000000e+01   2.0000000e+01   1.2000000e+01   1.0000000e+00
   1.2955596e-02   9.1090051e-03   3.9000000e+01   2.0000000e+01   1.2000000e+01   2.0000000e+00
   1.0326124e-02   7.7161723e-03   3.4000000e+01   2.0000000e+01   1.3000000e+01   1.0000000e+00
   7.8701681e-03   4.9335857e-03   2.9000000e+01   2.0000000e+01   1.4000000e+01   2.0000000e+00
   6.6411239e-03   3.7387994e-03   3.7000000e+01   2.0000000e+01   1.7000000e+01   1.0000000e+00
   8.2531748e-03   6.6499568e-03   3.7000000e+01   2.0000000e+01   1.7000000e+01   2.0000000e+00
   1.1982685e-02   7.9100973e-03   3.3000000e+01   2.0000000e+01   1.8000000e+01   1.0000000e+00
   8.7204764e-03   6.1162157e-03   3.3000000e+01   2.0000000e+01   1.8000000e+01   2.0000000e+00
   8.9183544e-03   3.6128612e-03   3.4000000e+01   2.0000000e+01   1.9000000e+01   1.0000000e+00
   1.0615682e-02   8.6071120e-03   3.4000000e+01   2.0000000e+01   1.9000000e+01   2.0000000e+00
   1.1950694e-02   6.7842713e-03   2.0000000e+01   2.0000000e+01   2.0000000e+01   1.0000000e+00
   6.3882111e-03   4.2340757e-03   3.6000000e+01   2.0000000e+01   2.1000000e+01   1.0000000e+00
   8.0048545e-03   5.2143093e-03   3.6000000e+01   2.0000000e+01   2.1000000e+01   2.0000000e+00
   1.7135686e-02   7.3298513e-03   4.9000000e+01   2.0000000e+01   2.2000000e+01   2.0000000e+00
   9.0863909e-03   6.1489778e-03   6.6000000e+01   2.5000000e+01   1.0000000e+00   1.0000000e+00
   1.3429965e-02   9.7167204e-03   6.6000000e+01   2.5000000e+01   1.0000000e+00   2.0000000e+00
   8.1173841e-03   5.5928062e-03   8.1000000e+01   2.5000000e+01   2.0000000e+00   1.0000000e+00
   4.2783826e-03   4.3594679e-03   8.1000000e+01   2.5000000e+01   2.0000000e+00   2.0000000e+00
   6.4909956e-03   4.8960910e-03   8.0000000e+01   2.5000000e+01   3.0000000e+00   1.0000000e+00
   6.6992145e-03   6.3394837e-03   8.0000000e+01   2.5000000e+01   3.0000000e+00   2.0000000e+00
   6.1738100e-03   3.5905493e-03   7.7000000e+01   2.5000000e+01   4.0000000e+00   1.0000000e+00
   7.9132728e-03   6.1549476e-03   7.7000000e+01   2.5000000e+01   4.0000000e+00   2.0000000e+00
   1.0972434e-02   8.1435141e-03   8.2000000e+01   2.5000000e+01   5.0000000e+00   1.0000000e+00
   5.6346040e-03   4.2081081e-03   8.2000000e+01   2.5000000e+01   5.0000000e+00   2.0000000e+00
   6.4865777e-03   7.0065419e-03   7.8000000e+01   2.5000000e+01   7.0000000e+00   1.0000000e+00
   1.7039461e-02   1.0462628e-02   7.8000000e+01   2.5000000e+01   7.0000000e+00   2.0000000e+00
   6.6419339e-03   5.7713684e-03   8.8000000e+01   2.5000000e+01   8.0000000e+00   1.0000000e+00
   4.9779778e-03   3.6499660e-03   8.8000000e+01   2.5000000e+01   8.0000000e+00   2.0000000e+00
   9.1043673e-03   5.8858327e-03   5.7000000e+01   2.5000000e+01   9.0000000e+00   1.0000000e+00
   7.3401473e-03   4.0627709e-03   5.7000000e+01   2.5000000e+01   9.0000000e+00   2.0000000e+00
   6.1761280e-03   4.9489031e-03   9.0000000e+01   2.5000000e+01   1.0000000e+01   1.0000000e+00
   8.6830762e-03   7.2441127e-03   9.0000000e+01   2.5000000e+01   1.0000000e+01   2.0000000e+00
   1.2330730e-02   7.7221574e-03   3.8000000e+01   2.5000000e+01   1.1000000e+01   1.0000000e+00
   1.1723121e-02   9.4361056e-03   3.8000000e+01   2.5000000e+01   1.1000000e+01   2.0000000e+00
   1.5900947e-02   1.0254683e-02   3.9000000e+01   2.5000000e+01   1.2000000e+01   1.0000000e+00
   1.5275357e-02   1.0814147e-02   3.9000000e+01   2.5000000e+01   1.2000000e+01   2.0000000e+00
   1.1277489e-02   8.5310168e-03   3.4000000e+01   2.5000000e+01   1.3000000e+01   1.0000000e+00
   9.5114357e-03   5.8240101e-03   2.9000000e+01   2.5000000e+01   1.4000000e+01   2.0000000e+00
   7.6646951e-03   4.2864243e-03   3.7000000e+01   2.5000000e+01   1.7000000e+01   1.0000000e+00
   8.8929708e-03   7.4755504e-03   3.7000000e+01   2.5000000e+01   1.7000000e+01   2.0000000e+00
   1.4489574e-02   9.5031631e-03   3.3000000e+01   2.5000000e+01   1.8000000e+01   1.0000000e+00
   1.0078780e-02   7.1551769e-03   3.3000000e+01   2.5000000e+01   1.8000000e+01   2.0000000e+00
   1.0191124e-02   4.2318965e-03   3.4000000e+01   2.5000000e+01   1.9000000e+01   1.0000000e+00
   1.2156852e-02   9.7458891e-03   3.4000000e+01   2.5000000e+01   1.9000000e+01   2.0000000e+00
   1.2771675e-02   7.3774137e-03   2.0000000e+01   2.5000000e+01   2.0000000e+01   1.0000000e+00
   7.6053560e-03   4.9721562e-03   3.6000000e+01   2.5000000e+01   2.1000000e+01   1.0000000e+00
   9.3736132e-03   5.9216882e-03   3.6000000e+01   2.5000000e+01   2.1000000e+01   2.0000000e+00
   1.8163106e-02   7.8203197e-03   4.9000000e+01   2.5000000e+01   2.2000000e+01   2.0000000e+00
   9.8887772e-03   6.7686417e-03   6.6000000e+01   3.0000000e+01   1.0000000e+00   1.0000000e+00
   1.4555590e-02   1.0658744e-02   6.6000000e+01   3.0000000e+01   1.0000000e+00   2.0000000e+00
   8.9148473e-03   6.1412829e-03   8.1000000e+01   3.0000000e+01   2.0000000e+00   1.0000000e+00
   5.0940969e-03   5.2506232e-03   8.1000000e+01   3.0000000e+01   2.0000000e+00   2.0000000e+00
   7.6977424e-03   5.7889672e-03   8.0000000e+01   3.0000000e+01   3.0000000e+00   1.0000000e+00
   7.8534792e-03   7.4903932e-03   8.0000000e+01   3.0000000e+01   3.0000000e+00   2.0000000e+00
   7.1357889e-03   4.1113989e-03   7.7000000e+01   3.0000000e+01   4.0000000e+00   1.0000000e+00
   9.0969193e-03   7.1682348e-03   7.7000000e+01   3.0000000e+01   4.0000000e+00   2.0000000e+00
   1.2351200e-02   9.3755568e-03   8.2000000e+01   3.0000000e+01   5.0000000e+00   1.0000000e+00
   6.7609888e-03   5.1530758e-03   8.2000000e+01   3.0000000e+01   5.0000000e+00   2.0000000e+00
   7.1490005e-03   7.8680777e-03   7.8000000e+01   3.0000000e+01   7.0000000e+00   1.0000000e+00
   1.8458470e-02   1.1556688e-02   7.8000000e+01   3.0000000e+01   7.0000000e+00   2.0000000e+00
   7.9561517e-03   6.8688471e-03   8.8000000e+01   3.0000000e+01   8.0000000e+00   1.0000000e+00
   5.8933386e-03   4.3236680e-03   8.8000000e+01   3.0000000e+01   8.0000000e+00   2.0000000e+00
   1.0298973e-02   6.4932240e-03   5.7000000e+01   3.0000000e+01   9.0000000e+00   1.0000000e+00
   8.1083004e-03   4.4982069e-03   5.7000000e+01   3.0000000e+01   9.0000000e+00   2.0000000e+00
   7.1243712e-03   5.7587465e-03   9.0000000e+01   3.0000000e+01   1.0000000e+01   1.0000000e+00
   1.0062379e-02   8.4757623e-03   9.0000000e+01   3.0000000e+01   1.0000000e+01   2.0000000e+00
   1.2908752e-02   8.2644071e-03   3.8000000e+01   3.0000000e+01   1.1000000e+01   1.0000000e+00
   1.3104321e-02   1.0573281e-02   3.8000000e+01   3.0000000e+01   1.1000000e+01   2.0000000e+00
   1.7265640e-02   1.1284771e-02   3.9000000e+01   3.0000000e+01   1.2000000e+01   1.0000000e+00
   1.7078557e-02   1.2233742e-02   3.9000000e+01   3.0000000e+01   1.2000000e+01   2.0000000e+00
   1.2116935e-02   9.1916527e-03   3.4000000e+01   3.0000000e+01   1.3000000e+01   1.0000000e+00
   1.0634162e-02   6.4892160e-03   2.9000000e+01   3.0000000e+01   1.4000000e+01   2.0000000e+00
   8.5530976e-03   4.8032167e-03   3.7000000e+01   3.0000000e+01   1.7000000e+01   1.0000000e+00
   1.0240150e-02   8.6176504e-03   3.7000000e+01   3.0000000e+01   1.7000000e+01   2.0000000e+00
   1.5701949e-02   1.0392550e-02   3.3000000e+01   3.0000000e+01   1.8000000e+01   1.0000000e+00
   1.1203397e-02   8.0075993e-03   3.3000000e+01   3.0000000e+01   1.8000000e+01   2.0000000e+00
   1.1384082e-02   4.7674776e-03   3.4000000e+01   3.0000000e+01   1.9000000e+01   1.0000000e+00
   1.3362337e-02   1.0693021e-02   3.4000000e+01   3.0000000e+01   1.9000000e+01   2.0000000e+00
   1.3354350e-02   7.8210108e-03   2.0000000e+01   3.0000000e+01   2.0000000e+01   1.0000000e+00
   8.4402963e-03   5.4986628e-03   3.6000000e+01   3.0000000e+01   2.1000000e+01   1.0000000e+00
   1.0439338e-02   6.4646927e-03   3.6000000e+01   3.0000000e+01   2.1000000e+01   2.0000000e+00
   1.9584476e-02   8.3593941e-03   4.9000000e+01   3.0000000e+01   2.2000000e+01   2.0000000e+00
   1.0560555e-02   7.3368240e-03   6.6000000e+01   3.5000000e+01   1.0000000e+00   1.0000000e+00
   1.5428876e-02   1.1366085e-02   6.6000000e+01   3.5000000e+01   1.0000000e+00   2.0000000e+00
   9.8672495e-03   6.8568346e-03   8.1000000e+01   3.5000000e+01   2.0000000e+00   1.0000000e+00
   5.8621433e-03   6.0232912e-03   8.1000000e+01   3.5000000e+01   2.0000000e+00   2.0000000e+00
   8.5289720e-03   6.5226396e-03   8.0000000e+01   3.5000000e+01   3.0000000e+00   1.0000000e+00
   8.9399460e-03   8.5348195e-03   8.0000000e+01   3.5000000e+01   3.0000000e+00   2.0000000e+00
   8.2833898e-03   4.8026207e-03   7.7000000e+01   3.5000000e+01   4.0000000e+00   1.0000000e+00
   1.0186904e-02   8.1293622e-03   7.7000000e+01   3.5000000e+01   4.0000000e+00   2.0000000e+00
   1.3455815e-02   1.0405771e-02   8.2000000e+01   3.5000000e+01   5.0000000e+00   1.0000000e+00
   7.7767472e-03   5.9388481e-03   8.2000000e+01   3.5000000e+01   5.0000000e+00   2.0000000e+00
   7.6975961e-03   8.6272427e-03   7.8000000e+01   3.5000000e+01   7.0000000e+00   1.0000000e+00
   1.9759713e-02   1.2540314e-02   7.8000000e+01   3.5000000e+01   7.0000000e+00   2.0000000e+00
   9.2168753e-03   7.9272317e-03   8.8000000e+01   3.5000000e+01   8.0000000e+00   1.0000000e+00
   6.8979117e-03   5.0771620e-03   8.8000000e+01   3.5000000e+01   8.0000000e+00   2.0000000e+00
   1.1447334e-02   7.0004855e-03   5.7000000e+01   3.5000000e+01   9.0000000e+00   1.0000000e+00
   8.7915890e-03   4.8682470e-03   5.7000000e+01   3.5000000e+01   9.0000000e+00   2.0000000e+00
   8.1092996e-03   6.5936676e-03   9.0000000e+01   3.5000000e+01   1.0000000e+01   1.0000000e+00
   1.1213811e-02   9.5335441e-03   9.0000000e+01   3.5000000e+01   1.0000000e+01   2.0000000e+00
   1.3444584e-02   8.7472061e-03   3.8000000e+01   3.5000000e+01   1.1000000e+01   1.0000000e+00
   1.4111157e-02   1.1389155e-02   3.8000000e+01   3.5000000e+01   1.1000000e+01   2.0000000e+00
   1.7552382e-02   1.2182262e-02   3.9000000e+01   3.5000000e+01   1.2000000e+01   1.0000000e+00
   1.7923069e-02   1.3124732e-02   3.9000000e+01   3.5000000e+01   1.2000000e+01   2.0000000e+00
   1.2581819e-02   9.0967641e-03   3.4000000e+01   3.5000000e+01   1.3000000e+01   1.0000000e+00
   1.2207198e-02   7.3304629e-03   2.9000000e+01   3.5000000e+01   1.4000000e+01   2.0000000e+00
   9.2383396e-03   5.2646857e-03   3.7000000e+01   3.5000000e+01   1.7000000e+01   1.0000000e+00
   1.1169825e-02   9.5178304e-03   3.7000000e+01   3.5000000e+01   1.7000000e+01   2.0000000e+00
   1.6879650e-02   1.1307828e-02   3.3000000e+01   3.5000000e+01   1.8000000e+01   1.0000000e+00
   1.2229056e-02   8.6862660e-03   3.3000000e+01   3.5000000e+01   1.8000000e+01   2.0000000e+00
   1.2300544e-02   5.1988365e-03   3.4000000e+01   3.5000000e+01   1.9000000e+01   1.0000000e+00
   1.4245112e-02   1.1502815e-02   3.4000000e+01   3.5000000e+01   1.9000000e+01   2.0000000e+00
   1.3908643e-02   8.2195722e-03   2.0000000e+01   3.5000000e+01   2.0000000e+01   1.0000000e+00
   9.2997985e-03   6.0583789e-03   3.6000000e+01   3.5000000e+01   2.1000000e+01   1.0000000e+00
   1.1678412e-02   7.1316123e-03   3.6000000e+01   3.5000000e+01   2.1000000e+01   2.0000000e+00
   2.0280094e-02   8.7076772e-03   4.9000000e+01   3.5000000e+01   2.2000000e+01   2.0000000e+00
   1.1289113e-02   7.8930156e-03   6.6000000e+01   4.0000000e+01   1.0000000e+00   1.0000000e+00
   1.6258763e-02   1.2112747e-02   6.6000000e+01   4.0000000e+01   1.0000000e+00   2.0000000e+00
   1.0627802e-02   7.3735315e-03   8.1000000e+01   4.0000000e+01   2.0000000e+00   1.0000000e+00
   6.6463591e-03   6.8509736e-03   8.1000000e+01   4.0000000e+01   2.0000000e+00   2.0000000e+00
   9.4302759e-03   7.2225663e-03   8.0000000e+01   4.0000000e+01   3.0000000e+00   1.0000000e+00
   9.7707414e-03   9.3979741e-03   8.0000000e+01   4.0000000e+01   3.0000000e+00   2.0000000e+00
   9.0088094e-03   5.3216126e-03   7.7000000e+01   4.0000000e+01   4.0000000e+00   1.0000000e+00
   1.1203774e-02   8.9925139e-03   7.7000000e+01   4.0000000e+01   4.0000000e+00   2.0000000e+00
   1.4631534e-02   1.1511914e-02   8.2000000e+01   4.0000000e+01   5.0000000e+00   1.0000000e+00
   8.7295154e-03   6.7303344e-03   8.2000000e+01   4.0000000e+01   5.0000000e+00   2.0000000e+00
   8.3322187e-03   9.3138725e-03   7.8000000e+01   4.0000000e+01   7.0000000e+00   1.0000000e+00
   2.0863512e-02   1.3361224e-02   7.8000000e+01   4.0000000e+01   7.0000000e+00   2.0000000e+00
   1.0251012e-02   8.7716836e-03   8.8000000e+01   4.0000000e+01   8.0000000e+00   1.0000000e+00
   7.7448243e-03   5.7145684e-03   8.8000000e+01   4.0000000e+01   8.0000000e+00   2.0000000e+00
   1.2112978e-02   7.4367405e-03   5.7000000e+01   4.0000000e+01   9.0000000e+00   1.0000000e+00
   9.3363241e-03   5.1507851e-03   5.7000000e+01   4.0000000e+01   9.0000000e+00   2.0000000e+00
   8.9067723e-03   7.2776764e-03   9.0000000e+01   4.0000000e+01   1.0000000e+01   1.0000000e+00
   1.2400314e-02   1.0579808e-02   9.0000000e+01   4.0000000e+01   1.0000000e+01   2.0000000e+00
   1.4692830e-02   9.4147067e-03   3.8000000e+01   4.0000000e+01   1.1000000e+01   1.0000000e+00
   1.5022407e-02   1.2124397e-02   3.8000000e+01   4.0000000e+01   1.1000000e+01   2.0000000e+00
   1.9009343e-02   1.2969833e-02   3.9000000e+01   4.0000000e+01   1.2000000e+01   1.0000000e+00
   1.8842095e-02   1.3981208e-02   3.9000000e+01   4.0000000e+01   1.2000000e+01   2.0000000e+00
   1.3135612e-02   9.3601515e-03   3.4000000e+01   4.0000000e+01   1.3000000e+01   1.0000000e+00
   1.2904720e-02   7.7550499e-03   2.9000000e+01   4.0000000e+01   1.4000000e+01   2.0000000e+00
   1.0104301e-02   5.8202431e-03   3.7000000e+01   4.0000000e+01   1.7000000e+01   1.0000000e+00
   1.2009855e-02   1.0332034e-02   3.7000000e+01   4.0000000e+01   1.7000000e+01   2.0000000e+00
   1.7893158e-02   1.2029065e-02   3.3000000e+01   4.0000000e+01   1.8000000e+01   1.0000000e+00
   1.3327465e-02   9.3781283e-03   3.3000000e+01   4.0000000e+01   1.8000000e+01   2.0000000e+00
   1.3192421e-02   5.5854545e-03   3.4000000e+01   4.0000000e+01   1.9000000e+01   1.0000000e+00
   1.4887384e-02   1.2141013e-02   3.4000000e+01   4.0000000e+01   1.9000000e+01   2.0000000e+00
   1.4502333e-02   8.5626842e-03   2.0000000e+01   4.0000000e+01   2.0000000e+01   1.0000000e+00
   1.0199384e-02   6.4483947e-03   3.6000000e+01   4.0000000e+01   2.1000000e+01   1.0000000e+00
   1.2798433e-02   7.7265178e-03   3.6000000e+01   4.0000000e+01   2.1000000e+01   2.0000000e+00
   2.1119553e-02   9.0786151e-03   4.9000000e+01   4.0000000e+01   2.2000000e+01   2.0000000e+00
   1.1903151e-02   8.3306109e-03   6.6000000e+01   4.5000000e+01   1.0000000e+00   1.0000000e+00
   1.7139494e-02   1.2750733e-02   6.6000000e+01   4.5000000e+01   1.0000000e+00   2.0000000e+00
   1.1362031e-02   7.9323382e-03   8.1000000e+01   4.5000000e+01   2.0000000e+00   1.0000000e+00
   7.2569792e-03   7.5122452e-03   8.1000000e+01   4.5000000e+01   2.0000000e+00   2.0000000e+00
   1.0158046e-02   7.9217756e-03   8.0000000e+01   4.5000000e+01   3.0000000e+00   1.0000000e+00
   1.0683312e-02   1.0349192e-02   8.0000000e+01   4.5000000e+01   3.0000000e+00   2.0000000e+00
   9.6517371e-03   5.7799382e-03   7.7000000e+01   4.5000000e+01   4.0000000e+00   1.0000000e+00
   1.2173251e-02   9.8052632e-03   7.7000000e+01   4.5000000e+01   4.0000000e+00   2.0000000e+00
   1.5732807e-02   1.2510304e-02   8.2000000e+01   4.5000000e+01   5.0000000e+00   1.0000000e+00
   9.6023904e-03   7.5294374e-03   8.2000000e+01   4.5000000e+01   5.0000000e+00   2.0000000e+00
   8.7827885e-03   9.9117588e-03   7.8000000e+01   4.5000000e+01   7.0000000e+00   1.0000000e+00
   2.1753537e-02   1.4078392e-02   7.8000000e+01   4.5000000e+01   7.0000000e+00   2.0000000e+00
   1.1243231e-02   9.5698056e-03   8.8000000e+01   4.5000000e+01   8.0000000e+00   1.0000000e+00
   8.5414195e-03   6.3189645e-03   8.8000000e+01   4.5000000e+01   8.0000000e+00   2.0000000e+00
   1.2963275e-02   7.8639957e-03   5.7000000e+01   4.5000000e+01   9.0000000e+00   1.0000000e+00
   9.8884175e-03   5.4661563e-03   5.7000000e+01   4.5000000e+01   9.0000000e+00   2.0000000e+00
   9.6172378e-03   7.9529541e-03   9.0000000e+01   4.5000000e+01   1.0000000e+01   1.0000000e+00
   1.3494135e-02   1.1629430e-02   9.0000000e+01   4.5000000e+01   1.0000000e+01   2.0000000e+00
   1.5439910e-02   9.8231076e-03   3.8000000e+01   4.5000000e+01   1.1000000e+01   1.0000000e+00
   1.5687262e-02   1.2643242e-02   3.8000000e+01   4.5000000e+01   1.1000000e+01   2.0000000e+00
   1.9068158e-02   1.3382561e-02   3.9000000e+01   4.5000000e+01   1.2000000e+01   1.0000000e+00
   1.9411203e-02   1.4671860e-02   3.9000000e+01   4.5000000e+01   1.2000000e+01   2.0000000e+00
   1.3758546e-02   9.7501827e-03   3.4000000e+01   4.5000000e+01   1.3000000e+01   1.0000000e+00
   1.3359495e-02   8.0878532e-03   2.9000000e+01   4.5000000e+01   1.4000000e+01   2.0000000e+00
   1.0715507e-02   6.2228824e-03   3.7000000e+01   4.5000000e+01   1.7000000e+01   1.0000000e+00
   1.2839044e-02   1.1128076e-02   3.7000000e+01   4.5000000e+01   1.7000000e+01   2.0000000e+00
   1.9150585e-02   1.2779533e-02   3.3000000e+01   4.5000000e+01   1.8000000e+01   1.0000000e+00
   1.4552464e-02   1.0140652e-02   3.3000000e+01   4.5000000e+01   1.8000000e+01   2.0000000e+00
   1.3419864e-02   5.7465501e-03   3.4000000e+01   4.5000000e+01   1.9000000e+01   1.0000000e+00
   1.5590392e-02   1.2789082e-02   3.4000000e+01   4.5000000e+01   1.9000000e+01   2.0000000e+00
   1.5046681e-02   8.9035572e-03   2.0000000e+01   4.5000000e+01   2.0000000e+01   1.0000000e+00
   1.0994714e-02   6.9207874e-03   3.6000000e+01   4.5000000e+01   2.1000000e+01   1.0000000e+00
   1.3725525e-02   8.1747387e-03   3.6000000e+01   4.5000000e+01   2.1000000e+01   2.0000000e+00
   2.3025322e-02   9.7319506e-03   4.9000000e+01   4.5000000e+01   2.2000000e+01   2.0000000e+00
